{
 "cells": [
  {
   "cell_type": "code",
   "execution_count": 9,
   "metadata": {},
   "outputs": [
    {
     "data": {
      "text/plain": [
       "torch.Size([2, 3])"
      ]
     },
     "execution_count": 9,
     "metadata": {},
     "output_type": "execute_result"
    }
   ],
   "source": [
    "import torch\n",
    "import numpy as np\n",
    "index = torch.from_numpy(np.array([[1,2,0], [2,0,1]])).type(torch.LongTensor)\n",
    "index.shape"
   ]
  },
  {
   "cell_type": "code",
   "execution_count": 10,
   "metadata": {},
   "outputs": [
    {
     "data": {
      "text/plain": [
       "torch.Size([2, 3, 1])"
      ]
     },
     "execution_count": 10,
     "metadata": {},
     "output_type": "execute_result"
    }
   ],
   "source": [
    "index = index[:,:,None]\n",
    "index.shape"
   ]
  },
  {
   "cell_type": "code",
   "execution_count": 11,
   "metadata": {},
   "outputs": [
    {
     "data": {
      "text/plain": [
       "tensor([[[1],\n",
       "         [2],\n",
       "         [0]],\n",
       "\n",
       "        [[2],\n",
       "         [0],\n",
       "         [1]]])"
      ]
     },
     "execution_count": 11,
     "metadata": {},
     "output_type": "execute_result"
    }
   ],
   "source": [
    "index"
   ]
  },
  {
   "cell_type": "code",
   "execution_count": 14,
   "metadata": {},
   "outputs": [
    {
     "data": {
      "text/plain": [
       "tensor([[[1, 1, 1, 1, 1, 1, 1, 1, 1, 1],\n",
       "         [2, 2, 2, 2, 2, 2, 2, 2, 2, 2],\n",
       "         [0, 0, 0, 0, 0, 0, 0, 0, 0, 0]],\n",
       "\n",
       "        [[2, 2, 2, 2, 2, 2, 2, 2, 2, 2],\n",
       "         [0, 0, 0, 0, 0, 0, 0, 0, 0, 0],\n",
       "         [1, 1, 1, 1, 1, 1, 1, 1, 1, 1]]])"
      ]
     },
     "execution_count": 14,
     "metadata": {},
     "output_type": "execute_result"
    }
   ],
   "source": [
    "index = index.expand(-1,-1,10)\n",
    "index"
   ]
  },
  {
   "cell_type": "code",
   "execution_count": 15,
   "metadata": {},
   "outputs": [
    {
     "data": {
      "text/plain": [
       "torch.Size([2, 3, 10])"
      ]
     },
     "execution_count": 15,
     "metadata": {},
     "output_type": "execute_result"
    }
   ],
   "source": [
    "index.shape "
   ]
  },
  {
   "cell_type": "code",
   "execution_count": 16,
   "metadata": {},
   "outputs": [
    {
     "data": {
      "text/plain": [
       "tensor([[[0.8499, 0.5743, 0.1163, 0.7354, 0.7336, 0.0461, 0.5596, 0.5597,\n",
       "          0.8331, 0.8325],\n",
       "         [0.3856, 0.3141, 0.2987, 0.2221, 0.7227, 0.9536, 0.9431, 0.8833,\n",
       "          0.6936, 0.0054],\n",
       "         [0.4265, 0.8442, 0.0826, 0.3865, 0.4617, 0.3623, 0.0011, 0.3030,\n",
       "          0.3444, 0.3968]],\n",
       "\n",
       "        [[0.2399, 0.8165, 0.5930, 0.0286, 0.9473, 0.1417, 0.3795, 0.2192,\n",
       "          0.5359, 0.6525],\n",
       "         [0.2812, 0.9378, 0.3347, 0.7453, 0.1059, 0.8147, 0.4491, 0.3992,\n",
       "          0.0209, 0.1799],\n",
       "         [0.1993, 0.1519, 0.2089, 0.3881, 0.1018, 0.3271, 0.7906, 0.7492,\n",
       "          0.9048, 0.2077]]])"
      ]
     },
     "execution_count": 16,
     "metadata": {},
     "output_type": "execute_result"
    }
   ],
   "source": [
    "inputs = torch.rand(2,3,10)\n",
    "inputs  # # 可以理解为 2个batch 每个batch 3句话， 每句话10个词  只不过不是索引值是连续值"
   ]
  },
  {
   "cell_type": "code",
   "execution_count": 17,
   "metadata": {},
   "outputs": [
    {
     "data": {
      "text/plain": [
       "tensor([[[0.3856, 0.3141, 0.2987, 0.2221, 0.7227, 0.9536, 0.9431, 0.8833,\n",
       "          0.6936, 0.0054],\n",
       "         [0.4265, 0.8442, 0.0826, 0.3865, 0.4617, 0.3623, 0.0011, 0.3030,\n",
       "          0.3444, 0.3968],\n",
       "         [0.8499, 0.5743, 0.1163, 0.7354, 0.7336, 0.0461, 0.5596, 0.5597,\n",
       "          0.8331, 0.8325]],\n",
       "\n",
       "        [[0.1993, 0.1519, 0.2089, 0.3881, 0.1018, 0.3271, 0.7906, 0.7492,\n",
       "          0.9048, 0.2077],\n",
       "         [0.2399, 0.8165, 0.5930, 0.0286, 0.9473, 0.1417, 0.3795, 0.2192,\n",
       "          0.5359, 0.6525],\n",
       "         [0.2812, 0.9378, 0.3347, 0.7453, 0.1059, 0.8147, 0.4491, 0.3992,\n",
       "          0.0209, 0.1799]]])"
      ]
     },
     "execution_count": 17,
     "metadata": {},
     "output_type": "execute_result"
    }
   ],
   "source": [
    "torch.gather(inputs, 1, index)"
   ]
  },
  {
   "cell_type": "code",
   "execution_count": null,
   "metadata": {},
   "outputs": [],
   "source": []
  },
  {
   "cell_type": "code",
   "execution_count": null,
   "metadata": {},
   "outputs": [],
   "source": []
  },
  {
   "cell_type": "markdown",
   "metadata": {},
   "source": [
    "# 过程\n",
    "- 准备输入\n",
    "- 初始化参数矩阵\n",
    "- 获取key、query和value\n",
    "- 计算softmax\n",
    "- 给value乘上score\n",
    "- 给value 加权求和获取output1\n",
    "- 重复4-7 获取output2、3"
   ]
  },
  {
   "cell_type": "code",
   "execution_count": 1,
   "metadata": {},
   "outputs": [
    {
     "data": {
      "text/plain": [
       "tensor([[1., 0., 1., 0.],\n",
       "        [0., 2., 0., 2.],\n",
       "        [1., 1., 1., 1.]])"
      ]
     },
     "execution_count": 1,
     "metadata": {},
     "output_type": "execute_result"
    }
   ],
   "source": [
    "import torch\n",
    "x = [\n",
    "    [1,0,1,0], # Input1\n",
    "    [0,2,0,2], # Input1\n",
    "    [1,1,1,1] # Input1\n",
    "]\n",
    "x = torch.tensor(x, dtype=torch.float32)\n",
    "x"
   ]
  },
  {
   "cell_type": "code",
   "execution_count": 3,
   "metadata": {},
   "outputs": [
    {
     "name": "stdout",
     "output_type": "stream",
     "text": [
      "Weights for key: \n",
      " tensor([[0., 0., 1.],\n",
      "        [1., 1., 0.],\n",
      "        [0., 1., 0.],\n",
      "        [1., 1., 0.]])\n",
      "Weights for query: \n",
      " tensor([[1., 0., 1.],\n",
      "        [1., 0., 0.],\n",
      "        [0., 0., 1.],\n",
      "        [0., 1., 1.]])\n",
      "Weights for value: \n",
      " tensor([[0., 2., 0.],\n",
      "        [0., 3., 0.],\n",
      "        [1., 0., 3.],\n",
      "        [1., 1., 0.]])\n"
     ]
    }
   ],
   "source": [
    "w_key = [\n",
    "  [0, 0, 1],\n",
    "  [1, 1, 0],\n",
    "  [0, 1, 0],\n",
    "  [1, 1, 0]\n",
    "]\n",
    "w_query = [\n",
    "  [1, 0, 1],\n",
    "  [1, 0, 0],\n",
    "  [0, 0, 1],\n",
    "  [0, 1, 1]\n",
    "]\n",
    "w_value = [\n",
    "  [0, 2, 0],\n",
    "  [0, 3, 0],\n",
    "  [1, 0, 3],\n",
    "  [1, 1, 0]\n",
    "]\n",
    "w_key = torch.tensor(w_key, dtype=torch.float32)\n",
    "w_query = torch.tensor(w_query, dtype=torch.float32)\n",
    "w_value = torch.tensor(w_value, dtype=torch.float32)\n",
    "\n",
    "print(\"Weights for key: \\n\", w_key)\n",
    "print(\"Weights for query: \\n\", w_query)\n",
    "print(\"Weights for value: \\n\", w_value)"
   ]
  },
  {
   "cell_type": "code",
   "execution_count": 4,
   "metadata": {},
   "outputs": [
    {
     "name": "stdout",
     "output_type": "stream",
     "text": [
      "Keys: \n",
      " tensor([[0., 1., 1.],\n",
      "        [4., 4., 0.],\n",
      "        [2., 3., 1.]])\n",
      "Querys: \n",
      " tensor([[1., 0., 2.],\n",
      "        [2., 2., 2.],\n",
      "        [2., 1., 3.]])\n",
      "Values: \n",
      " tensor([[1., 2., 3.],\n",
      "        [2., 8., 0.],\n",
      "        [2., 6., 3.]])\n"
     ]
    }
   ],
   "source": [
    "\n",
    "keys = x @ w_key\n",
    "querys = x @ w_query\n",
    "values = x @ w_value\n",
    "\n",
    "print(\"Keys: \\n\", keys)\n",
    "print(\"Querys: \\n\", querys)\n",
    "print(\"Values: \\n\", values)"
   ]
  },
  {
   "cell_type": "code",
   "execution_count": 5,
   "metadata": {},
   "outputs": [
    {
     "data": {
      "text/plain": [
       "tensor([[ 2.,  4.,  4.],\n",
       "        [ 4., 16., 12.],\n",
       "        [ 4., 12., 10.]])"
      ]
     },
     "execution_count": 5,
     "metadata": {},
     "output_type": "execute_result"
    }
   ],
   "source": [
    "attn_scores = querys @ keys.T\n",
    "attn_scores"
   ]
  },
  {
   "cell_type": "code",
   "execution_count": 6,
   "metadata": {},
   "outputs": [
    {
     "data": {
      "text/plain": [
       "tensor([[6.3379e-02, 4.6831e-01, 4.6831e-01],\n",
       "        [6.0337e-06, 9.8201e-01, 1.7986e-02],\n",
       "        [2.9539e-04, 8.8054e-01, 1.1917e-01]])"
      ]
     },
     "execution_count": 6,
     "metadata": {},
     "output_type": "execute_result"
    }
   ],
   "source": [
    "from torch.nn.functional import softmax\n",
    "attn_scores_softmax = softmax(attn_scores, dim=-1)\n",
    "attn_scores_softmax"
   ]
  },
  {
   "cell_type": "code",
   "execution_count": 7,
   "metadata": {},
   "outputs": [
    {
     "name": "stdout",
     "output_type": "stream",
     "text": [
      "tensor([[0.0000, 0.5000, 0.5000],\n",
      "        [0.0000, 1.0000, 0.0000],\n",
      "        [0.0000, 0.9000, 0.1000]])\n"
     ]
    }
   ],
   "source": [
    "# For readability, approximate the above as follows\n",
    "attn_scores_softmax = [\n",
    "  [0.0, 0.5, 0.5],\n",
    "  [0.0, 1.0, 0.0],\n",
    "  [0.0, 0.9, 0.1]\n",
    "]\n",
    "attn_scores_softmax = torch.tensor(attn_scores_softmax)\n",
    "print(attn_scores_softmax)"
   ]
  },
  {
   "cell_type": "code",
   "execution_count": 8,
   "metadata": {},
   "outputs": [
    {
     "name": "stdout",
     "output_type": "stream",
     "text": [
      "tensor([[[0.0000, 0.0000, 0.0000],\n",
      "         [0.0000, 0.0000, 0.0000],\n",
      "         [0.0000, 0.0000, 0.0000]],\n",
      "\n",
      "        [[1.0000, 4.0000, 0.0000],\n",
      "         [2.0000, 8.0000, 0.0000],\n",
      "         [1.8000, 7.2000, 0.0000]],\n",
      "\n",
      "        [[1.0000, 3.0000, 1.5000],\n",
      "         [0.0000, 0.0000, 0.0000],\n",
      "         [0.2000, 0.6000, 0.3000]]])\n"
     ]
    }
   ],
   "source": [
    "weighted_values = values[:,None] * attn_scores_softmax.T[:,:,None]\n",
    "print(weighted_values)"
   ]
  },
  {
   "cell_type": "code",
   "execution_count": 9,
   "metadata": {},
   "outputs": [
    {
     "name": "stdout",
     "output_type": "stream",
     "text": [
      "tensor([[[0.0000, 0.0000, 0.0000],\n",
      "         [0.0000, 0.0000, 0.0000],\n",
      "         [0.0000, 0.0000, 0.0000]],\n",
      "\n",
      "        [[1.0000, 4.0000, 0.0000],\n",
      "         [2.0000, 8.0000, 0.0000],\n",
      "         [1.8000, 7.2000, 0.0000]],\n",
      "\n",
      "        [[1.0000, 3.0000, 1.5000],\n",
      "         [0.0000, 0.0000, 0.0000],\n",
      "         [0.2000, 0.6000, 0.3000]]])\n",
      "tensor([[2.0000, 7.0000, 1.5000],\n",
      "        [2.0000, 8.0000, 0.0000],\n",
      "        [2.0000, 7.8000, 0.3000]])\n"
     ]
    }
   ],
   "source": [
    "weighted_values = values[:,None] * attn_scores_softmax.T[:,:,None]\n",
    "print(weighted_values)\n",
    "outputs = weighted_values.sum(dim=0)\n",
    "print(outputs)\n"
   ]
  },
  {
   "cell_type": "code",
   "execution_count": null,
   "metadata": {},
   "outputs": [],
   "source": []
  }
 ],
 "metadata": {
  "kernelspec": {
   "display_name": "Python 3",
   "language": "python",
   "name": "python3"
  },
  "language_info": {
   "codemirror_mode": {
    "name": "ipython",
    "version": 3
   },
   "file_extension": ".py",
   "mimetype": "text/x-python",
   "name": "python",
   "nbconvert_exporter": "python",
   "pygments_lexer": "ipython3",
   "version": "3.7.6"
  }
 },
 "nbformat": 4,
 "nbformat_minor": 4
}
